Input 1

q0: [-10.0000         0    0.5236    0.7854]
qf: [15.0000   10.0000    0.7854    1.0472]
obstacles: [0     0     1
     	    2     2     1
     	    2    -2     1
    	    -2    -2     1
    	    -2     2     1
    	    -5     4     2]
sample size: 1000

Input 2

q0: [-10.0000         0    0.5236    0.7854]
qf: [15.0000   10.0000    0.7854    1.0472]
obstacles: [0     0     1
     	    2     2     1
     	    2    -2     1
    	    -2    -2     1
    	    -2     2     1
    	    -5     4     2
	    10.0000   11.0000    1.5000]
sample size: 1000

Input 3

q0: [-10.0000         0    0.5236    0.7854]
qf: [15.0000   10.0000    0.7854    1.0472]
obstacles: [0         0    1.0000
    2.0000    2.0000    1.0000
    2.0000   -2.0000    1.0000
   -2.0000   -2.0000    1.0000
   -2.0000    2.0000    1.0000
   -5.0000    4.0000    2.0000
   10.0000   11.0000    1.5000
   10.0000    7.0000    2.0000]
sample size: 1000

Input 4

q0: [-10.0000         0    0.5236    0.7854]
qf: [15.0000   10.0000    0.7854    1.0472]
obstacles: [0         0    1.0000
    2.0000    2.0000    1.0000
    2.0000   -2.0000    1.0000
   -2.0000   -2.0000    1.0000
   -2.0000    2.0000    1.0000
   -5.0000    4.0000    2.0000
   10.0000   11.0000    1.5000
   10.0000    6.0000    2.0000]
sample size: 1000

Input 5

q0: [-10.0000         0    0.5236    0.7854]
qf: [15.0000   10.0000    0.7854    1.0472]
obstacles: [0         0    1.0000
    2.0000    2.0000    1.0000
    2.0000   -2.0000    1.0000
   -2.0000   -2.0000    1.0000
   -2.0000    2.0000    1.0000
   -5.0000    4.0000    2.0000
   10.0000   11.0000    1.5000
   10.0000    6.0000    2.0000]
sample size: 750

Input  6

q0: [-10.0000         0    0.5236    0.7854]
qf: [15.0000   10.0000    0.7854    1.0472]
obstacles: [ 0         0    1.0000
    2.0000    2.0000    1.0000
    2.0000   -2.0000    1.0000
   -2.0000   -2.0000    1.0000
   -2.0000    2.0000    1.0000
   -5.0000    4.0000    2.0000
   10.0000   11.0000    1.5000
   10.0000    6.0000    2.0000
    2.0000   10.0000    2.0000]
sample size: 750

Input 7

q0: [-10.0000         0    0.5236    0.7854]
qf: [15.0000   10.0000    0.7854    1.0472]
obstacles: [ 0         0    1.0000
    2.0000    2.0000    1.0000
    2.0000   -2.0000    1.0000
   -2.0000   -2.0000    1.0000
   -2.0000    2.0000    1.0000
   -5.0000    4.0000    2.0000
   10.0000   11.0000    1.5000
   10.0000    6.0000    2.0000
    2.0000   10.0000    2.0000]
sample size: 1250

Input 8

q0: [-10.0000         0    0.5236    0.7854]
qf: [15.0000   10.0000    0.7854    1.0472]
obstacles: [ 0         0    1.0000
    2.0000    2.0000    1.0000
    2.0000   -2.0000    1.0000
   -2.0000   -2.0000    1.0000
   -2.0000    2.0000    1.0000
   -5.0000    4.0000    2.0000
   10.0000   11.0000    1.5000
   10.0000    6.0000    2.0000
    2.0000   10.0000    2.0000]
sample size: 400